463334.00   7047071.00
463361.00   7047058.00
463369.94   7047078.50
463325.00   7047106.00
463260.00   7047102.50
463469.66   7047183.00
463576.75   7046961.00
463296.19   7046832.50
463089.00   7047181.00
463237.69   7047350.50
463601.97   7047411.50
463729.81   7047340.50
463772.78   7046707.00
463309.22   7046611.00
462594.28   7046913.00
462697.88   7047436.50
462837.16   7047593.50
463227.25   7047446.50
463551.84   7047552.50
463840.34   7047386.00
464020.13   7047393.00
464179.84   7047407.00
463333.31   7046414.00
463526.00   7046093.00
462720.41   7047724.50
462940.72   7047738.50
462263.53   7048012.00
463583.78   7048269.50
463900.00   7047824.00
464563.09   7047869.50
465555.00   7048064.00
466359.00   7045064.00
463359.00   7044260.00
460359.00   7045064.00
461163.00   7048064.00
463359.00   7050260.00
