 Incident particle is a Muon with M = 105.65839 MeV
 Index = 2: Air
      Absorber with <Z/A> = 0.49918
 Density effect computed following Fano (1963)
 Models for Radloss: brems =  SSR, pair =  SSR, photonuc = DRSS

 *** Table generated with PUMAS v1.2 ***

      T         p     Ionization  brems     pair     photonuc  Radloss    dE/dx   CSDA Range  delta   beta
    [MeV]    [MeV/c]  -----------------------[MeV cm^2/g]------------------------  [g/cm^2]
  1.000E+00 1.457E+01 4.436E+01 0.000E+00 0.000E+00 0.000E+00 0.000E+00 4.436E+01 1.127E-02  0.0000 0.13661
  1.200E+00 1.597E+01 3.830E+01 0.000E+00 0.000E+00 0.000E+00 0.000E+00 3.830E+01 1.614E-02  0.0000 0.14944
  1.400E+00 1.726E+01 3.382E+01 0.000E+00 0.000E+00 0.000E+00 0.000E+00 3.382E+01 2.171E-02  0.0000 0.16119
  1.700E+00 1.903E+01 2.889E+01 0.000E+00 0.000E+00 0.000E+00 0.000E+00 2.889E+01 3.134E-02  0.0000 0.17725
  2.000E+00 2.066E+01 2.532E+01 0.000E+00 0.000E+00 0.000E+00 0.000E+00 2.532E+01 4.246E-02  0.0000 0.19186
  2.500E+00 2.312E+01 2.112E+01 0.000E+00 0.000E+00 0.000E+00 0.000E+00 2.112E+01 6.418E-02  0.0000 0.21376
  3.000E+00 2.536E+01 1.822E+01 0.000E+00 0.000E+00 0.000E+00 0.000E+00 1.822E+01 8.975E-02  0.0000 0.23336
  3.500E+00 2.742E+01 1.608E+01 0.000E+00 0.000E+00 0.000E+00 0.000E+00 1.608E+01 1.190E-01  0.0000 0.25120
  4.000E+00 2.935E+01 1.444E+01 0.000E+00 0.000E+00 0.000E+00 0.000E+00 1.444E+01 1.519E-01  0.0000 0.26763
  4.500E+00 3.116E+01 1.314E+01 0.000E+00 0.000E+00 0.000E+00 0.000E+00 1.314E+01 1.882E-01  0.0000 0.28290
  5.000E+00 3.289E+01 1.208E+01 0.000E+00 0.000E+00 0.000E+00 0.000E+00 1.208E+01 2.280E-01  0.0000 0.29720
  5.500E+00 3.453E+01 1.120E+01 0.000E+00 0.000E+00 0.000E+00 0.000E+00 1.120E+01 2.710E-01  0.0000 0.31066
  6.000E+00 3.611E+01 1.045E+01 0.000E+00 0.000E+00 0.000E+00 0.000E+00 1.045E+01 3.173E-01  0.0000 0.32339
  7.000E+00 3.909E+01 9.258E+00 0.000E+00 0.000E+00 0.000E+00 0.000E+00 9.258E+00 4.192E-01  0.0000 0.34700
  8.000E+00 4.189E+01 8.346E+00 0.000E+00 0.000E+00 0.000E+00 0.000E+00 8.346E+00 5.331E-01  0.0000 0.36854
  9.000E+00 4.453E+01 7.625E+00 0.000E+00 0.000E+00 0.000E+00 0.000E+00 7.625E+00 6.586E-01  0.0000 0.38836
  1.000E+01 4.704E+01 7.039E+00 0.000E+00 0.000E+00 0.000E+00 0.000E+00 7.039E+00 7.953E-01  0.0000 0.40675
  1.200E+01 5.177E+01 6.146E+00 0.000E+00 0.000E+00 0.000E+00 0.000E+00 6.146E+00 1.100E+00  0.0000 0.43998
  1.400E+01 5.616E+01 5.495E+00 0.000E+00 0.000E+00 0.000E+00 0.000E+00 5.495E+00 1.445E+00  0.0000 0.46937
  1.700E+01 6.230E+01 4.793E+00 0.000E+00 0.000E+00 0.000E+00 0.000E+00 4.793E+00 2.032E+00  0.0000 0.50792
  2.000E+01 6.802E+01 4.294E+00 0.000E+00 0.000E+00 0.000E+00 0.000E+00 4.294E+00 2.695E+00  0.0000 0.54129
  2.500E+01 7.686E+01 3.720E+00 0.000E+00 0.000E+00 0.000E+00 0.000E+00 3.720E+00 3.951E+00  0.0000 0.58827
  3.000E+01 8.509E+01 3.333E+00 0.000E+00 0.000E+00 0.000E+00 0.000E+00 3.333E+00 5.375E+00  0.0000 0.62720
  3.500E+01 9.285E+01 3.056E+00 0.000E+00 0.000E+00 0.000E+00 0.000E+00 3.056E+00 6.944E+00  0.0000 0.66011
  4.000E+01 1.003E+02 2.848E+00 0.000E+00 0.000E+00 0.000E+00 0.000E+00 2.848E+00 8.642E+00  0.0000 0.68834
  4.500E+01 1.074E+02 2.686E+00 0.000E+00 0.000E+00 0.000E+00 0.000E+00 2.686E+00 1.045E+01  0.0000 0.71286
  5.000E+01 1.143E+02 2.558E+00 0.000E+00 0.000E+00 0.000E+00 0.000E+00 2.558E+00 1.236E+01  0.0000 0.73434
  5.500E+01 1.210E+02 2.454E+00 0.000E+00 0.000E+00 0.000E+00 0.000E+00 2.454E+00 1.436E+01  0.0000 0.75332
  6.000E+01 1.276E+02 2.368E+00 0.000E+00 0.000E+00 0.000E+00 0.000E+00 2.368E+00 1.643E+01  0.0000 0.77019
  7.000E+01 1.403E+02 2.236E+00 0.000E+00 0.000E+00 0.000E+00 0.000E+00 2.236E+00 2.078E+01  0.0000 0.79887
  8.000E+01 1.527E+02 2.140E+00 0.000E+00 0.000E+00 0.000E+00 0.000E+00 2.140E+00 2.536E+01  0.0000 0.82227
  9.000E+01 1.647E+02 2.068E+00 0.000E+00 0.000E+00 0.000E+00 0.000E+00 2.068E+00 3.012E+01  0.0000 0.84166
  1.000E+02 1.764E+02 2.014E+00 0.000E+00 0.000E+00 0.000E+00 0.000E+00 2.014E+00 3.502E+01  0.0000 0.85794
  1.200E+02 1.994E+02 1.937E+00 0.000E+00 0.000E+00 0.000E+00 0.000E+00 1.937E+00 4.516E+01  0.0000 0.88361
  1.400E+02 2.218E+02 1.889E+00 5.990E-10 0.000E+00 0.000E+00 5.990E-10 1.889E+00 5.562E+01  0.0000 0.90278
  1.700E+02 2.546E+02 1.848E+00 1.163E-05 1.203E-09 0.000E+00 1.163E-05 1.848E+00 7.170E+01  0.0000 0.92363
  2.000E+02 2.868E+02 1.827E+00 1.982E-05 9.289E-09 0.000E+00 1.983E-05 1.827E+00 8.804E+01  0.0000 0.93835
  2.500E+02 3.396E+02 1.816E+00 2.996E-05 1.272E-07 0.000E+00 3.009E-05 1.816E+00 1.155E+02  0.0000 0.95485
  3.000E+02 3.917E+02 1.819E+00 3.922E-05 8.169E-07 0.000E+00 4.003E-05 1.819E+00 1.430E+02  0.0000 0.96548
  3.500E+02 4.432E+02 1.830E+00 4.830E-05 2.122E-06 0.000E+00 5.042E-05 1.830E+00 1.704E+02  0.0000 0.97274
  4.000E+02 4.945E+02 1.844E+00 5.777E-05 4.030E-06 0.000E+00 6.180E-05 1.844E+00 1.977E+02  0.0000 0.97793
  4.500E+02 5.455E+02 1.859E+00 6.777E-05 6.528E-06 0.000E+00 7.430E-05 1.859E+00 2.247E+02  0.0000 0.98176
  5.000E+02 5.964E+02 1.876E+00 7.829E-05 9.603E-06 0.000E+00 8.790E-05 1.876E+00 2.514E+02  0.0000 0.98467
  5.500E+02 6.471E+02 1.892E+00 8.931E-05 1.324E-05 1.541E-05 1.180E-04 1.892E+00 2.780E+02  0.0000 0.98693
  6.000E+02 6.977E+02 1.908E+00 1.008E-04 1.741E-05 5.125E-05 1.695E-04 1.908E+00 3.043E+02  0.0000 0.98873
  7.000E+02 7.987E+02 1.939E+00 1.251E-04 2.733E-05 1.225E-04 2.749E-04 1.939E+00 3.563E+02  0.0000 0.99136
  8.000E+02 8.995E+02 1.968E+00 1.509E-04 3.923E-05 1.899E-04 3.801E-04 1.968E+00 4.075E+02  0.0000 0.99317
  9.000E+02 1.000E+03 1.995E+00 1.783E-04 5.299E-05 2.544E-04 4.856E-04 1.995E+00 4.579E+02  0.0000 0.99447
  1.000E+03 1.101E+03 2.020E+00 2.069E-04 6.849E-05 3.169E-04 5.923E-04 2.021E+00 5.077E+02  0.0000 0.99542
  1.200E+03 1.301E+03 2.065E+00 2.679E-04 1.044E-04 4.379E-04 8.101E-04 2.066E+00 6.056E+02  0.0000 0.99672
  1.400E+03 1.502E+03 2.105E+00 3.332E-04 1.461E-04 5.553E-04 1.035E-03 2.106E+00 7.014E+02  0.0000 0.99753
  1.700E+03 1.803E+03 2.157E+00 4.381E-04 2.186E-04 7.267E-04 1.383E-03 2.158E+00 8.421E+02  0.0000 0.99829
  2.000E+03 2.103E+03 2.201E+00 5.501E-04 3.016E-04 8.938E-04 1.745E-03 2.203E+00 9.796E+02  0.0000 0.99874
  2.500E+03 2.604E+03 2.263E+00 7.504E-04 4.600E-04 1.165E-03 2.375E-03 2.266E+00 1.203E+03  0.0000 0.99918
  3.000E+03 3.104E+03 2.314E+00 9.649E-04 6.400E-04 1.429E-03 3.034E-03 2.317E+00 1.421E+03  0.0000 0.99942
  3.500E+03 3.604E+03 2.358E+00 1.192E-03 8.387E-04 1.687E-03 3.717E-03 2.362E+00 1.635E+03  0.0000 0.99957
  4.000E+03 4.104E+03 2.396E+00 1.428E-03 1.067E-03 1.940E-03 4.435E-03 2.400E+00 1.845E+03  0.0000 0.99967
  4.500E+03 4.604E+03 2.429E+00 1.674E-03 1.317E-03 2.188E-03 5.179E-03 2.435E+00 2.052E+03  0.0000 0.99974
  5.000E+03 5.105E+03 2.459E+00 1.928E-03 1.581E-03 2.433E-03 5.942E-03 2.465E+00 2.256E+03  0.0000 0.99979
  5.500E+03 5.605E+03 2.486E+00 2.189E-03 1.859E-03 2.674E-03 6.723E-03 2.493E+00 2.458E+03  0.0000 0.99982
  6.000E+03 6.105E+03 2.511E+00 2.458E-03 2.149E-03 2.913E-03 7.520E-03 2.518E+00 2.657E+03  0.0022 0.99985
  7.000E+03 7.105E+03 2.552E+00 3.012E-03 2.764E-03 3.382E-03 9.157E-03 2.561E+00 3.051E+03  0.0352 0.99989
  8.000E+03 8.105E+03 2.585E+00 3.587E-03 3.418E-03 3.842E-03 1.085E-02 2.596E+00 3.439E+03  0.0921 0.99992
  9.000E+03 9.105E+03 2.613E+00 4.179E-03 4.107E-03 4.295E-03 1.258E-02 2.626E+00 3.821E+03  0.1616 0.99993
  1.000E+04 1.011E+04 2.637E+00 4.788E-03 4.828E-03 4.741E-03 1.436E-02 2.651E+00 4.200E+03  0.2372 0.99995
  1.200E+04 1.211E+04 2.676E+00 6.048E-03 6.350E-03 5.618E-03 1.802E-02 2.694E+00 4.948E+03  0.3941 0.99996
  1.400E+04 1.411E+04 2.707E+00 7.357E-03 7.967E-03 6.478E-03 2.180E-02 2.729E+00 5.686E+03  0.5484 0.99997
  1.700E+04 1.711E+04 2.744E+00 9.399E-03 1.054E-02 7.743E-03 2.768E-02 2.772E+00 6.777E+03  0.7652 0.99998
  2.000E+04 2.011E+04 2.773E+00 1.152E-02 1.326E-02 8.985E-03 3.376E-02 2.807E+00 7.852E+03  0.9620 0.99999
  2.500E+04 2.511E+04 2.812E+00 1.518E-02 1.805E-02 1.102E-02 4.425E-02 2.856E+00 9.617E+03  1.2495 0.99999
  3.000E+04 3.011E+04 2.842E+00 1.899E-02 2.312E-02 1.302E-02 5.512E-02 2.897E+00 1.136E+04  1.4960 0.99999
  3.500E+04 3.511E+04 2.867E+00 2.291E-02 2.840E-02 1.499E-02 6.630E-02 2.933E+00 1.307E+04  1.7111 1.00000
  4.000E+04 4.011E+04 2.888E+00 2.693E-02 3.386E-02 1.695E-02 7.774E-02 2.965E+00 1.477E+04  1.9019 1.00000
  4.500E+04 4.511E+04 2.906E+00 3.103E-02 3.948E-02 1.889E-02 8.940E-02 2.995E+00 1.644E+04  2.0735 1.00000
  5.000E+04 5.011E+04 2.921E+00 3.521E-02 4.523E-02 2.083E-02 1.013E-01 3.023E+00 1.810E+04  2.2296 1.00000
  5.500E+04 5.511E+04 2.935E+00 3.945E-02 5.110E-02 2.275E-02 1.133E-01 3.049E+00 1.975E+04  2.3730 1.00000
  6.000E+04 6.011E+04 2.948E+00 4.375E-02 5.707E-02 2.467E-02 1.255E-01 3.073E+00 2.139E+04  2.5059 1.00000
  7.000E+04 7.011E+04 2.970E+00 5.252E-02 6.930E-02 2.849E-02 1.503E-01 3.120E+00 2.461E+04  2.7460 1.00000
  8.000E+04 8.011E+04 2.988E+00 6.147E-02 8.183E-02 3.230E-02 1.756E-01 3.163E+00 2.780E+04  2.9594 1.00000
  9.000E+04 9.011E+04 3.004E+00 7.058E-02 9.462E-02 3.611E-02 2.013E-01 3.205E+00 3.094E+04  3.1521 1.00000
  1.000E+05 1.001E+05 3.017E+00 7.982E-02 1.076E-01 3.991E-02 2.274E-01 3.245E+00 3.404E+04  3.3280 1.00000
  1.200E+05 1.201E+05 3.040E+00 9.867E-02 1.342E-01 4.751E-02 2.804E-01 3.321E+00 4.013E+04  3.6407 1.00000
  1.400E+05 1.401E+05 3.059E+00 1.179E-01 1.614E-01 5.513E-02 3.344E-01 3.393E+00 4.609E+04  3.9131 1.00000
  1.700E+05 1.701E+05 3.082E+00 1.474E-01 2.031E-01 6.659E-02 4.170E-01 3.499E+00 5.479E+04  4.2655 1.00000
  2.000E+05 2.001E+05 3.100E+00 1.774E-01 2.456E-01 7.810E-02 5.011E-01 3.601E+00 6.325E+04  4.5676 1.00000
  2.500E+05 2.501E+05 3.125E+00 2.286E-01 3.178E-01 9.741E-02 6.438E-01 3.768E+00 7.682E+04  4.9906 1.00000
  3.000E+05 3.001E+05 3.144E+00 2.807E-01 3.914E-01 1.169E-01 7.890E-01 3.933E+00 8.980E+04  5.3419 1.00000
  3.500E+05 3.501E+05 3.161E+00 3.337E-01 4.660E-01 1.365E-01 9.362E-01 4.097E+00 1.023E+05  5.6417 1.00000
  4.000E+05 4.001E+05 3.175E+00 3.873E-01 5.413E-01 1.563E-01 1.085E+00 4.260E+00 1.142E+05  5.9032 1.00000
  4.500E+05 4.501E+05 3.187E+00 4.415E-01 6.174E-01 1.763E-01 1.235E+00 4.422E+00 1.257E+05  6.1348 1.00000
  5.000E+05 5.001E+05 3.198E+00 4.962E-01 6.939E-01 1.964E-01 1.386E+00 4.585E+00 1.368E+05  6.3426 1.00000
  5.500E+05 5.501E+05 3.208E+00 5.513E-01 7.709E-01 2.166E-01 1.539E+00 4.747E+00 1.476E+05  6.5310 1.00000
  6.000E+05 6.001E+05 3.217E+00 6.067E-01 8.483E-01 2.370E-01 1.692E+00 4.909E+00 1.579E+05  6.7034 1.00000
  7.000E+05 7.001E+05 3.233E+00 7.186E-01 1.004E+00 2.781E-01 2.001E+00 5.234E+00 1.776E+05  7.0093 1.00000
  8.000E+05 8.001E+05 3.247E+00 8.316E-01 1.161E+00 3.197E-01 2.312E+00 5.559E+00 1.962E+05  7.2748 1.00000
  9.000E+05 9.001E+05 3.260E+00 9.455E-01 1.319E+00 3.616E-01 2.626E+00 5.885E+00 2.137E+05  7.5092 1.00000
  1.000E+06 1.000E+06 3.271E+00 1.060E+00 1.477E+00 4.040E-01 2.941E+00 6.212E+00 2.302E+05  7.7191 1.00000
  1.200E+06 1.200E+06 3.290E+00 1.291E+00 1.796E+00 4.897E-01 3.577E+00 6.866E+00 2.608E+05  8.0827 1.00000
  1.400E+06 1.400E+06 3.306E+00 1.524E+00 2.116E+00 5.768E-01 4.217E+00 7.523E+00 2.886E+05  8.3903 1.00000
  1.700E+06 1.700E+06 3.327E+00 1.877E+00 2.599E+00 7.094E-01 5.185E+00 8.512E+00 3.261E+05  8.7780 1.00000
  2.000E+06 2.000E+06 3.344E+00 2.232E+00 3.084E+00 8.442E-01 6.161E+00 9.505E+00 3.594E+05  9.1027 1.00000
  2.500E+06 2.500E+06 3.368E+00 2.829E+00 3.896E+00 1.073E+00 7.799E+00 1.117E+01 4.079E+05  9.5487 1.00000
  3.000E+06 3.000E+06 3.388E+00 3.431E+00 4.712E+00 1.307E+00 9.449E+00 1.284E+01 4.497E+05  9.9131 1.00000
  3.500E+06 3.500E+06 3.405E+00 4.035E+00 5.530E+00 1.544E+00 1.111E+01 1.451E+01 4.863E+05 10.2213 1.00000
  4.000E+06 4.000E+06 3.419E+00 4.642E+00 6.349E+00 1.785E+00 1.278E+01 1.620E+01 5.189E+05 10.4883 1.00000
  4.500E+06 4.500E+06 3.432E+00 5.251E+00 7.170E+00 2.029E+00 1.445E+01 1.788E+01 5.482E+05 10.7238 1.00000
  5.000E+06 5.000E+06 3.444E+00 5.862E+00 7.992E+00 2.276E+00 1.613E+01 1.957E+01 5.749E+05 10.9345 1.00000
  5.500E+06 5.500E+06 3.455E+00 6.475E+00 8.815E+00 2.525E+00 1.781E+01 2.127E+01 5.994E+05 11.1251 1.00000
  6.000E+06 6.000E+06 3.464E+00 7.088E+00 9.639E+00 2.777E+00 1.950E+01 2.297E+01 6.221E+05 11.2991 1.00000
  7.000E+06 7.000E+06 3.482E+00 8.318E+00 1.129E+01 3.287E+00 2.289E+01 2.637E+01 6.627E+05 11.6073 1.00000
  8.000E+06 8.000E+06 3.497E+00 9.551E+00 1.294E+01 3.805E+00 2.630E+01 2.979E+01 6.983E+05 11.8744 1.00000
  9.000E+06 9.000E+06 3.510E+00 1.079E+01 1.459E+01 4.330E+00 2.971E+01 3.322E+01 7.301E+05 12.1099 1.00000
  1.000E+07 1.000E+07 3.522E+00 1.203E+01 1.625E+01 4.861E+00 3.313E+01 3.666E+01 7.587E+05 12.3206 1.00000
  1.200E+07 1.200E+07 3.543E+00 1.451E+01 1.956E+01 5.941E+00 4.001E+01 4.355E+01 8.088E+05 12.6853 1.00000
  1.400E+07 1.400E+07 3.561E+00 1.699E+01 2.287E+01 7.041E+00 4.691E+01 5.047E+01 8.514E+05 12.9936 1.00000
  1.700E+07 1.700E+07 3.584E+00 2.073E+01 2.785E+01 8.722E+00 5.730E+01 6.089E+01 9.054E+05 13.3819 1.00000
  2.000E+07 2.000E+07 3.603E+00 2.448E+01 3.283E+01 1.044E+01 6.774E+01 7.134E+01 9.509E+05 13.7069 1.00000
  2.500E+07 2.500E+07 3.630E+00 3.073E+01 4.113E+01 1.336E+01 8.522E+01 8.885E+01 1.014E+06 14.1532 1.00000
  3.000E+07 3.000E+07 3.651E+00 3.699E+01 4.944E+01 1.635E+01 1.028E+02 1.064E+02 1.065E+06 14.5178 1.00000
  3.500E+07 3.500E+07 3.670E+00 4.325E+01 5.776E+01 1.939E+01 1.204E+02 1.241E+02 1.108E+06 14.8261 1.00000
  4.000E+07 4.000E+07 3.686E+00 4.953E+01 6.607E+01 2.249E+01 1.381E+02 1.418E+02 1.146E+06 15.0932 1.00000
  4.500E+07 4.500E+07 3.701E+00 5.580E+01 7.439E+01 2.563E+01 1.558E+02 1.595E+02 1.179E+06 15.3287 1.00000
  5.000E+07 5.000E+07 3.714E+00 6.208E+01 8.271E+01 2.881E+01 1.736E+02 1.773E+02 1.209E+06 15.5395 1.00000
  5.500E+07 5.500E+07 3.726E+00 6.836E+01 9.103E+01 3.203E+01 1.914E+02 1.952E+02 1.236E+06 15.7301 1.00000
  6.000E+07 6.000E+07 3.736E+00 7.465E+01 9.936E+01 3.528E+01 2.093E+02 2.130E+02 1.260E+06 15.9041 1.00000
  7.000E+07 7.000E+07 3.756E+00 8.722E+01 1.160E+02 4.188E+01 2.451E+02 2.489E+02 1.304E+06 16.2124 1.00000
  8.000E+07 8.000E+07 3.772E+00 9.980E+01 1.327E+02 4.859E+01 2.810E+02 2.848E+02 1.341E+06 16.4795 1.00000
  9.000E+07 9.000E+07 3.787E+00 1.124E+02 1.493E+02 5.540E+01 3.171E+02 3.209E+02 1.374E+06 16.7150 1.00000
  1.000E+08 1.000E+08 3.801E+00 1.250E+02 1.660E+02 6.229E+01 3.532E+02 3.570E+02 1.404E+06 16.9258 1.00000
  1.200E+08 1.200E+08 3.824E+00 1.501E+02 1.993E+02 7.632E+01 4.258E+02 4.296E+02 1.455E+06 17.2904 1.00000
  1.400E+08 1.400E+08 3.844E+00 1.753E+02 2.326E+02 9.064E+01 4.986E+02 5.024E+02 1.498E+06 17.5987 1.00000
  1.700E+08 1.700E+08 3.869E+00 2.131E+02 2.826E+02 1.126E+02 6.083E+02 6.121E+02 1.552E+06 17.9870 1.00000
  2.000E+08 2.000E+08 3.891E+00 2.509E+02 3.326E+02 1.349E+02 7.184E+02 7.223E+02 1.597E+06 18.3121 1.00000
  2.500E+08 2.500E+08 3.920E+00 3.139E+02 4.159E+02 1.731E+02 9.030E+02 9.069E+02 1.659E+06 18.7583 1.00000
  3.000E+08 3.000E+08 3.945E+00 3.770E+02 4.992E+02 2.122E+02 1.088E+03 1.092E+03 1.709E+06 19.1230 1.00000
  3.500E+08 3.500E+08 3.965E+00 4.400E+02 5.826E+02 2.522E+02 1.275E+03 1.279E+03 1.751E+06 19.4313 1.00000
  4.000E+08 4.000E+08 3.984E+00 5.030E+02 6.659E+02 2.928E+02 1.462E+03 1.466E+03 1.788E+06 19.6983 1.00000
  4.500E+08 4.500E+08 4.000E+00 5.661E+02 7.493E+02 3.340E+02 1.649E+03 1.653E+03 1.820E+06 19.9339 1.00000
  5.000E+08 5.000E+08 4.014E+00 6.291E+02 8.326E+02 3.758E+02 1.838E+03 1.842E+03 1.848E+06 20.1446 1.00000
  5.500E+08 5.500E+08 4.027E+00 6.922E+02 9.160E+02 4.181E+02 2.026E+03 2.030E+03 1.874E+06 20.3352 1.00000
  6.000E+08 6.000E+08 4.039E+00 7.553E+02 9.993E+02 4.609E+02 2.215E+03 2.220E+03 1.898E+06 20.5093 1.00000
  7.000E+08 7.000E+08 4.061E+00 8.814E+02 1.166E+03 5.478E+02 2.595E+03 2.599E+03 1.939E+06 20.8175 1.00000
  8.000E+08 8.000E+08 4.080E+00 1.007E+03 1.333E+03 6.362E+02 2.976E+03 2.980E+03 1.975E+06 21.0846 1.00000
  9.000E+08 9.000E+08 4.096E+00 1.134E+03 1.499E+03 7.260E+02 3.359E+03 3.363E+03 2.007E+06 21.3201 1.00000
  1.000E+09 1.000E+09 4.111E+00 1.260E+03 1.666E+03 8.170E+02 3.743E+03 3.747E+03 2.035E+06 21.5308 1.00000
  1.200E+09 1.200E+09 4.137E+00 1.512E+03 2.000E+03 1.002E+03 4.514E+03 4.518E+03 2.084E+06 21.8954 1.00000
  1.400E+09 1.400E+09 4.160E+00 1.764E+03 2.333E+03 1.192E+03 5.289E+03 5.293E+03 2.124E+06 22.2034 1.00000
  1.700E+09 1.700E+09 4.188E+00 2.143E+03 2.833E+03 1.482E+03 6.458E+03 6.462E+03 2.176E+06 22.5917 1.00000
  2.000E+09 2.000E+09 4.212E+00 2.521E+03 3.333E+03 1.779E+03 7.633E+03 7.637E+03 2.218E+06 22.9152 1.00000
  2.500E+09 2.500E+09 4.245E+00 3.152E+03 4.167E+03 2.285E+03 9.604E+03 9.608E+03 2.277E+06 23.3615 1.00000
  3.000E+09 3.000E+09 4.273E+00 3.782E+03 5.001E+03 2.805E+03 1.159E+04 1.159E+04 2.324E+06 23.7196 1.00000
  3.500E+09 3.500E+09 4.296E+00 4.413E+03 5.834E+03 3.336E+03 1.358E+04 1.359E+04 2.364E+06 24.0279 1.00000
  4.000E+09 4.000E+09 4.316E+00 5.044E+03 6.668E+03 3.877E+03 1.559E+04 1.559E+04 2.398E+06 24.2950 1.00000
  4.500E+09 4.500E+09 4.337E+00 5.675E+03 7.501E+03 4.427E+03 1.760E+04 1.761E+04 2.428E+06 24.5014 1.00000
  5.000E+09 5.000E+09 4.353E+00 6.305E+03 8.335E+03 4.985E+03 1.963E+04 1.963E+04 2.455E+06 24.7121 1.00000
  5.500E+09 5.500E+09 4.368E+00 6.936E+03 9.169E+03 5.550E+03 2.165E+04 2.166E+04 2.479E+06 24.9027 1.00000
  6.000E+09 6.000E+09 4.381E+00 7.567E+03 1.000E+04 6.121E+03 2.369E+04 2.369E+04 2.501E+06 25.0768 1.00000
  7.000E+09 7.000E+09 4.405E+00 8.828E+03 1.167E+04 7.282E+03 2.778E+04 2.778E+04 2.540E+06 25.3851 1.00000
  8.000E+09 8.000E+09 4.438E+00 1.009E+04 1.334E+04 8.465E+03 3.189E+04 3.190E+04 2.574E+06 25.4967 1.00000
  9.000E+09 9.000E+09 4.457E+00 1.135E+04 1.500E+04 9.668E+03 3.602E+04 3.603E+04 2.603E+06 25.7322 1.00000
  1.000E+10 1.000E+10 4.473E+00 1.261E+04 1.667E+04 1.089E+04 4.017E+04 4.018E+04 2.630E+06 25.9430 1.00000
  1.200E+10 1.200E+10 4.503E+00 1.514E+04 2.001E+04 1.337E+04 4.852E+04 4.852E+04 2.675E+06 26.3076 1.00000
  1.400E+10 1.400E+10 4.527E+00 1.766E+04 2.334E+04 1.592E+04 5.692E+04 5.692E+04 2.713E+06 26.6159 1.00000
  1.700E+10 1.700E+10 4.559E+00 2.144E+04 2.834E+04 1.982E+04 6.960E+04 6.961E+04 2.761E+06 27.0042 1.00000
  2.000E+10 2.000E+10 4.586E+00 2.523E+04 3.334E+04 2.382E+04 8.239E+04 8.239E+04 2.800E+06 27.3292 1.00000
  2.500E+10 2.500E+10 4.623E+00 3.153E+04 4.168E+04 3.065E+04 1.039E+05 1.039E+05 2.854E+06 27.7755 1.00000
  3.000E+10 3.000E+10 4.653E+00 3.784E+04 5.002E+04 3.767E+04 1.255E+05 1.255E+05 2.898E+06 28.1402 1.00000
  3.500E+10 3.500E+10 4.679E+00 4.415E+04 5.835E+04 4.485E+04 1.474E+05 1.474E+05 2.935E+06 28.4485 1.00000
  4.000E+10 4.000E+10 4.702E+00 5.046E+04 6.669E+04 5.218E+04 1.693E+05 1.693E+05 2.966E+06 28.7155 1.00000
  4.500E+10 4.500E+10 4.722E+00 5.676E+04 7.502E+04 5.962E+04 1.914E+05 1.914E+05 2.994E+06 28.9511 1.00000
  5.000E+10 5.000E+10 4.740E+00 6.307E+04 8.336E+04 6.719E+04 2.136E+05 2.136E+05 3.019E+06 29.1618 1.00000
  5.500E+10 5.500E+10 4.757E+00 6.938E+04 9.170E+04 7.485E+04 2.359E+05 2.359E+05 3.041E+06 29.3524 1.00000
  6.000E+10 6.000E+10 4.772E+00 7.568E+04 1.000E+05 8.261E+04 2.583E+05 2.583E+05 3.061E+06 29.5265 1.00000
  7.000E+10 7.000E+10 4.799E+00 8.830E+04 1.167E+05 9.839E+04 3.034E+05 3.034E+05 3.097E+06 29.8348 1.00000
  8.000E+10 8.000E+10 4.822E+00 1.009E+05 1.334E+05 1.145E+05 3.488E+05 3.488E+05 3.128E+06 30.1018 1.00000
  9.000E+10 9.000E+10 4.843E+00 1.135E+05 1.500E+05 1.309E+05 3.944E+05 3.945E+05 3.154E+06 30.3374 1.00000
  1.000E+11 1.000E+11 4.862E+00 1.261E+05 1.667E+05 1.475E+05 4.404E+05 4.404E+05 3.178E+06 30.5481 1.00000
  1.200E+11 1.200E+11 4.894E+00 1.514E+05 2.001E+05 1.814E+05 5.329E+05 5.329E+05 3.220E+06 30.9128 1.00000
  1.400E+11 1.400E+11 4.922E+00 1.766E+05 2.334E+05 2.162E+05 6.262E+05 6.262E+05 3.254E+06 31.2211 1.00000
  1.700E+11 1.700E+11 4.957E+00 2.144E+05 2.834E+05 2.696E+05 7.675E+05 7.675E+05 3.298E+06 31.6094 1.00000
  2.000E+11 2.000E+11 4.987E+00 2.523E+05 3.334E+05 3.244E+05 9.101E+05 9.101E+05 3.333E+06 31.9344 1.00000
  2.500E+11 2.500E+11 5.028E+00 3.154E+05 4.168E+05 4.182E+05 1.150E+06 1.150E+06 3.382E+06 32.3807 1.00000
  3.000E+11 3.000E+11 5.063E+00 3.784E+05 5.002E+05 5.148E+05 1.393E+06 1.393E+06 3.422E+06 32.7453 1.00000
  3.500E+11 3.500E+11 5.092E+00 4.415E+05 5.835E+05 6.137E+05 1.639E+06 1.639E+06 3.455E+06 33.0536 1.00000
  4.000E+11 4.000E+11 5.117E+00 5.046E+05 6.669E+05 7.146E+05 1.886E+06 1.886E+06 3.483E+06 33.3207 1.00000
  4.500E+11 4.500E+11 5.139E+00 5.676E+05 7.502E+05 8.174E+05 2.135E+06 2.135E+06 3.508E+06 33.5563 1.00000
  5.000E+11 5.000E+11 5.160E+00 6.307E+05 8.336E+05 9.218E+05 2.386E+06 2.386E+06 3.530E+06 33.7670 1.00000
  5.500E+11 5.500E+11 5.178E+00 6.938E+05 9.169E+05 1.028E+06 2.639E+06 2.639E+06 3.550E+06 33.9576 1.00000
  6.000E+11 6.000E+11 5.195E+00 7.569E+05 1.000E+06 1.135E+06 2.892E+06 2.892E+06 3.568E+06 34.1316 1.00000
  7.000E+11 7.000E+11 5.225E+00 8.830E+05 1.167E+06 1.354E+06 3.404E+06 3.404E+06 3.600E+06 34.4399 1.00000
  8.000E+11 8.000E+11 5.251E+00 1.009E+06 1.334E+06 1.577E+06 3.920E+06 3.920E+06 3.627E+06 34.7070 1.00000
  9.000E+11 9.000E+11 5.274E+00 1.135E+06 1.500E+06 1.804E+06 4.440E+06 4.440E+06 3.651E+06 34.9426 1.00000
  1.000E+12 1.000E+12 5.295E+00 1.261E+06 1.667E+06 2.036E+06 4.964E+06 4.964E+06 3.673E+06 35.1533 1.00000
